5.787822e-01
6.157905e-01
5.818713e-01
5.614035e-01
5.640859e-01
5.923977e-01
5.886571e-01
5.866189e-01
6.018809e-01
6.027425e-01
5.714286e-01
5.813365e-01
5.794996e-01
6.036300e-01
5.817721e-01
6.758450e-01
6.018868e-01
5.604946e-01
5.787879e-01
5.561833e-01
5.964696e-01
5.619048e-01
5.781119e-01
6.110957e-01
5.730994e-01
5.865794e-01
6.040936e-01
6.083744e-01
6.276890e-01
5.846944e-01
5.744489e-01
5.973716e-01
5.871833e-01
5.886940e-01
5.890354e-01
5.977011e-01
5.716108e-01
5.909091e-01
6.267290e-01
5.855162e-01
5.951469e-01
6.027038e-01
5.581197e-01
5.788943e-01
5.568783e-01
5.794996e-01
5.781971e-01
5.733950e-01
6.225038e-01
5.897597e-01
5.841544e-01
5.705149e-01
6.218391e-01
5.320513e-01
5.782654e-01
5.797980e-01
5.907990e-01
5.962963e-01
5.900167e-01
5.968801e-01
6.081871e-01
5.682597e-01
5.847988e-01
5.909091e-01
5.982753e-01
6.039353e-01
5.822281e-01
6.398102e-01
5.857143e-01
5.956721e-01
5.818182e-01
5.533838e-01
5.874796e-01
5.976190e-01
5.474670e-01
6.041056e-01
5.975309e-01
5.815697e-01
5.525974e-01
5.766234e-01
5.615385e-01
5.402597e-01
5.698422e-01
6.409414e-01
5.978789e-01
5.920097e-01
5.756985e-01
5.964696e-01
5.692357e-01
5.646524e-01
6.033091e-01
5.914499e-01
5.612738e-01
5.730994e-01
5.977011e-01
5.914499e-01
5.859911e-01
5.883117e-01
5.555556e-01
5.714286e-01
----------
Mean:
5.864820E-01
Variance:
4.620598E-04