7.984934e-01
8.503773e-01
8.035366e-01
7.752715e-01
7.789757e-01
8.180730e-01
8.117509e-01
8.088218e-01
8.445748e-01
8.316355e-01
7.880184e-01
8.027980e-01
8.002613e-01
8.335843e-01
8.033995e-01
8.571193e-01
8.299757e-01
7.725017e-01
8.121701e-01
7.678756e-01
8.225806e-01
7.759637e-01
7.983451e-01
8.438940e-01
7.914230e-01
8.100383e-01
8.329655e-01
8.392261e-01
8.187546e-01
8.063820e-01
7.919333e-01
8.249417e-01
8.108722e-01
8.129583e-01
8.134298e-01
8.253968e-01
7.880228e-01
8.151026e-01
8.794423e-01
8.069487e-01
8.207885e-01
8.323052e-01
7.707367e-01
7.994254e-01
7.690224e-01
8.002613e-01
7.973423e-01
7.905264e-01
8.735135e-01
8.134897e-01
8.064516e-01
7.878539e-01
8.587302e-01
7.347375e-01
7.985570e-01
8.006734e-01
8.142623e-01
8.224014e-01
8.279267e-01
8.225806e-01
8.387097e-01
7.847396e-01
8.075793e-01
8.160173e-01
8.261898e-01
8.340059e-01
8.027295e-01
8.241686e-01
8.218894e-01
8.212550e-01
8.023460e-01
7.641966e-01
8.112814e-01
8.252834e-01
7.560259e-01
8.342410e-01
8.244922e-01
8.016726e-01
7.754189e-01
7.953079e-01
7.736973e-01
7.460730e-01
7.869249e-01
8.216175e-01
8.256423e-01
8.175372e-01
7.946928e-01
8.225806e-01
7.987662e-01
7.787524e-01
8.323635e-01
8.167641e-01
7.750923e-01
7.914230e-01
8.253968e-01
8.167641e-01
8.082015e-01
8.105572e-01
7.795699e-01
7.880184e-01
----------
Mean:
8.081741E-01
Variance:
6.313383E-04