8.132362e-01
8.298611e-01
7.986614e-01
7.891156e-01
8.187831e-01
8.119194e-01
8.381720e-01
7.995714e-01
8.691067e-01
8.248053e-01
8.028674e-01
7.962963e-01
8.081129e-01
8.289976e-01
8.002278e-01
8.575964e-01
8.409365e-01
7.896774e-01
8.211598e-01
7.840999e-01
8.225806e-01
7.759951e-01
8.201688e-01
8.170635e-01
8.055556e-01
8.110355e-01
8.122825e-01
8.418160e-01
8.540346e-01
8.068100e-01
8.367268e-01
8.324772e-01
8.166209e-01
7.900827e-01
8.377778e-01
8.253968e-01
8.023554e-01
8.088218e-01
8.720430e-01
8.079450e-01
8.362283e-01
8.405056e-01
8.063626e-01
8.064080e-01
8.128865e-01
8.081129e-01
8.077836e-01
7.912186e-01
8.646139e-01
8.207885e-01
8.064516e-01
8.208995e-01
8.453661e-01
7.983283e-01
8.217338e-01
8.109811e-01
8.091109e-01
8.242616e-01
8.507211e-01
8.225806e-01
8.392261e-01
7.919501e-01
8.099817e-01
8.258301e-01
8.274754e-01
8.269841e-01
8.360215e-01
8.446087e-01
8.231587e-01
8.389247e-01
8.331955e-01
7.942978e-01
7.993906e-01
8.271415e-01
7.860317e-01
8.331853e-01
8.346774e-01
8.335484e-01
8.122185e-01
8.188586e-01
7.949185e-01
7.809659e-01
7.804233e-01
8.355589e-01
8.263794e-01
8.268665e-01
8.164658e-01
8.225806e-01
8.302419e-01
8.040712e-01
8.291903e-01
8.242630e-01
7.908018e-01
8.055556e-01
8.253968e-01
8.242630e-01
7.960909e-01
8.331266e-01
7.880813e-01
8.028674e-01
----------
Mean:
8.180095E-01
Variance:
3.912375E-04