5.888172e-01
6.009339e-01
5.783410e-01
5.714286e-01
5.929119e-01
5.879416e-01
6.083333e-01
5.804196e-01
6.193634e-01
5.977011e-01
5.820106e-01
5.766284e-01
5.851852e-01
6.003086e-01
5.794753e-01
6.761905e-01
6.103226e-01
5.733333e-01
5.851944e-01
5.673118e-01
5.964696e-01
5.619275e-01
5.939153e-01
5.916667e-01
5.833333e-01
5.873016e-01
5.891732e-01
6.098765e-01
6.405508e-01
5.851852e-01
6.061969e-01
6.028283e-01
5.913462e-01
5.721289e-01
6.066667e-01
5.977011e-01
5.820106e-01
5.866189e-01
6.214559e-01
5.864198e-01
6.065429e-01
6.086420e-01
5.839177e-01
5.839506e-01
5.886420e-01
5.851852e-01
5.862366e-01
5.740741e-01
6.161616e-01
5.951469e-01
5.841544e-01
5.944444e-01
6.121617e-01
5.780998e-01
5.950486e-01
5.872622e-01
5.866189e-01
5.980149e-01
6.062610e-01
5.968801e-01
6.083744e-01
5.734811e-01
5.865385e-01
5.980149e-01
5.992063e-01
5.988506e-01
6.068008e-01
6.466049e-01
5.866189e-01
6.088889e-01
6.039886e-01
5.751812e-01
5.788690e-01
5.989646e-01
5.691954e-01
6.033411e-01
6.041667e-01
6.042857e-01
5.788224e-01
5.934066e-01
5.775090e-01
5.655271e-01
5.651341e-01
6.444688e-01
5.984127e-01
5.987654e-01
5.915751e-01
5.964696e-01
5.916667e-01
5.825287e-01
6.005575e-01
5.968801e-01
5.726496e-01
5.833333e-01
5.977011e-01
5.968801e-01
5.775463e-01
6.043956e-01
5.616212e-01
5.820106e-01
----------
Mean:
5.933160E-01
Variance:
3.175619E-04