5.734811e-01
6.321839e-01
5.862069e-01
5.517241e-01
5.402299e-01
5.977011e-01
5.726601e-01
5.960591e-01
5.862069e-01
6.079639e-01
5.615764e-01
5.862069e-01
5.747126e-01
6.091954e-01
5.862069e-01
6.758621e-01
5.960591e-01
5.496716e-01
5.747126e-01
5.496716e-01
5.964696e-01
5.632184e-01
5.632184e-01
6.321839e-01
5.632184e-01
5.862069e-01
6.198686e-01
6.083744e-01
6.350575e-01
5.845649e-01
5.504926e-01
5.977011e-01
5.862069e-01
6.091954e-01
5.747126e-01
5.977011e-01
5.615764e-01
5.960591e-01
6.321839e-01
5.849754e-01
5.845649e-01
5.977011e-01
5.402299e-01
5.747126e-01
5.287356e-01
5.747126e-01
5.726601e-01
5.730706e-01
6.321839e-01
5.845649e-01
5.841544e-01
5.517241e-01
6.321839e-01
4.942529e-01
5.632184e-01
5.747126e-01
5.972906e-01
5.960591e-01
5.747126e-01
5.968801e-01
6.083744e-01
5.632184e-01
5.862069e-01
5.862069e-01
5.977011e-01
6.091954e-01
5.611658e-01
6.397373e-01
5.862069e-01
5.845649e-01
5.615764e-01
5.402299e-01
5.977011e-01
5.977011e-01
5.287356e-01
6.091954e-01
5.968801e-01
5.619869e-01
5.287356e-01
5.615764e-01
5.496716e-01
5.172414e-01
5.747126e-01
6.413793e-01
5.977011e-01
5.862069e-01
5.607553e-01
5.964696e-01
5.517241e-01
5.500821e-01
6.083744e-01
5.862069e-01
5.517241e-01
5.632184e-01
5.977011e-01
5.862069e-01
5.960591e-01
5.738916e-01
5.517241e-01
5.615764e-01
----------
Mean:
5.818933E-01
Variance:
8.445773E-04