7.903226e-01
8.730159e-01
8.095238e-01
7.619048e-01
7.460317e-01
8.253968e-01
7.903226e-01
8.225806e-01
8.225806e-01
8.387097e-01
7.741935e-01
8.095238e-01
7.936508e-01
8.412698e-01
8.095238e-01
8.571429e-01
8.225806e-01
7.580645e-01
8.064516e-01
7.580645e-01
8.225806e-01
7.777778e-01
7.777778e-01
8.730159e-01
7.777778e-01
8.095238e-01
8.548387e-01
8.387097e-01
7.903226e-01
8.064516e-01
7.580645e-01
8.253968e-01
8.095238e-01
8.412698e-01
7.936508e-01
8.253968e-01
7.741935e-01
8.225806e-01
8.870968e-01
8.064516e-01
8.064516e-01
8.253968e-01
7.460317e-01
7.936508e-01
7.301587e-01
7.936508e-01
7.903226e-01
7.903226e-01
8.870968e-01
8.064516e-01
8.064516e-01
7.619048e-01
8.730159e-01
6.825397e-01
7.777778e-01
7.936508e-01
8.225806e-01
8.225806e-01
8.064516e-01
8.225806e-01
8.387097e-01
7.777778e-01
8.095238e-01
8.095238e-01
8.253968e-01
8.412698e-01
7.741935e-01
8.064516e-01
8.225806e-01
8.064516e-01
7.741935e-01
7.460317e-01
8.253968e-01
8.253968e-01
7.301587e-01
8.412698e-01
8.225806e-01
7.741935e-01
7.419355e-01
7.741935e-01
7.580645e-01
7.142857e-01
7.936508e-01
8.095238e-01
8.253968e-01
8.095238e-01
7.741935e-01
8.225806e-01
7.741935e-01
7.580645e-01
8.387097e-01
8.095238e-01
7.619048e-01
7.777778e-01
8.253968e-01
8.095238e-01
8.225806e-01
7.903226e-01
7.741935e-01
7.741935e-01
----------
Mean:
8.011316E-01
Variance:
1.299945E-03