7.058824e-01
7.142857e-01
7.142857e-01
6.571429e-01
7.428571e-01
7.142857e-01
6.470588e-01
7.058824e-01
7.352941e-01
8.235294e-01
6.470588e-01
6.571429e-01
7.714286e-01
6.857143e-01
7.428571e-01
8.000000e-01
6.470588e-01
7.647059e-01
7.352941e-01
6.470588e-01
6.764706e-01
8.571429e-01
7.142857e-01
6.000000e-01
7.428571e-01
6.857143e-01
7.352941e-01
7.647059e-01
7.352941e-01
7.647059e-01
6.764706e-01
6.571429e-01
6.571429e-01
6.571429e-01
7.428571e-01
5.714286e-01
6.470588e-01
6.764706e-01
5.882353e-01
7.941176e-01
7.647059e-01
5.714286e-01
5.714286e-01
6.285714e-01
6.000000e-01
7.714286e-01
7.058824e-01
7.647059e-01
6.764706e-01
7.647059e-01
6.470588e-01
6.857143e-01
7.714286e-01
8.000000e-01
7.428571e-01
6.857143e-01
6.764706e-01
8.529412e-01
6.764706e-01
7.352941e-01
6.176471e-01
5.714286e-01
6.857143e-01
6.285714e-01
7.428571e-01
6.000000e-01
7.352941e-01
5.588235e-01
7.941176e-01
7.058824e-01
6.176471e-01
8.571429e-01
7.142857e-01
5.714286e-01
7.428571e-01
7.428571e-01
7.647059e-01
5.882353e-01
6.764706e-01
6.764706e-01
7.352941e-01
8.857143e-01
6.000000e-01
6.857143e-01
8.285714e-01
6.857143e-01
6.764706e-01
7.058824e-01
6.176471e-01
7.058824e-01
7.352941e-01
7.714286e-01
8.285714e-01
6.857143e-01
6.857143e-01
7.714286e-01
7.058824e-01
6.470588e-01
8.235294e-01
7.941176e-01
----------
Mean:
7.046471E-01
Variance:
5.297429E-03