6.780303e-01
7.083333e-01
6.829710e-01
6.500000e-01
7.394541e-01
7.023810e-01
6.136364e-01
6.780303e-01
7.043478e-01
8.068182e-01
6.136364e-01
6.195652e-01
7.463768e-01
6.761985e-01
7.350715e-01
7.939445e-01
6.357143e-01
7.424242e-01
7.153488e-01
5.750000e-01
6.621500e-01
8.528175e-01
7.083333e-01
5.359848e-01
7.394541e-01
6.683893e-01
6.899696e-01
7.509158e-01
7.043478e-01
7.571429e-01
6.210740e-01
6.546053e-01
6.022727e-01
6.328671e-01
7.350715e-01
5.143386e-01
6.136364e-01
6.621500e-01
5.641026e-01
7.850045e-01
7.424242e-01
5.478036e-01
5.657568e-01
5.955556e-01
5.916667e-01
7.619048e-01
6.964286e-01
7.424242e-01
6.621500e-01
7.424242e-01
6.136364e-01
6.577778e-01
7.619048e-01
7.889750e-01
7.286822e-01
6.683893e-01
6.520930e-01
8.418605e-01
6.386473e-01
7.043478e-01
6.091954e-01
5.657568e-01
6.761985e-01
5.790934e-01
7.200000e-01
5.100000e-01
6.899696e-01
5.490716e-01
7.700483e-01
6.640316e-01
6.146469e-01
8.552523e-01
7.023810e-01
5.143386e-01
7.350715e-01
7.286822e-01
7.614035e-01
5.492424e-01
6.520930e-01
6.693192e-01
7.235772e-01
8.833333e-01
5.916667e-01
6.761985e-01
8.250000e-01
6.761985e-01
6.210740e-01
6.964286e-01
5.888372e-01
6.458333e-01
6.899696e-01
7.463768e-01
8.164336e-01
6.577778e-01
6.438483e-01
7.552448e-01
6.964286e-01
6.136364e-01
8.131868e-01
7.850045e-01
----------
Mean:
6.823861E-01
Variance:
6.583702E-03