6.947415e-01
7.142857e-01
6.972050e-01
6.571429e-01
7.437079e-01
7.108844e-01
6.336898e-01
6.947415e-01
7.212276e-01
8.168449e-01
6.336898e-01
6.366460e-01
7.577640e-01
6.841283e-01
7.415595e-01
7.989907e-01
6.470588e-01
7.557932e-01
7.286457e-01
6.058824e-01
6.744248e-01
8.564220e-01
7.142857e-01
5.606061e-01
7.437079e-01
6.792174e-01
7.108886e-01
7.612583e-01
7.212276e-01
7.647059e-01
6.466416e-01
6.588346e-01
6.233766e-01
6.463536e-01
7.415595e-01
5.381261e-01
6.336898e-01
6.744248e-01
5.822021e-01
7.928158e-01
7.557932e-01
5.625692e-01
5.728465e-01
6.120635e-01
6.000000e-01
7.687075e-01
7.058824e-01
7.557932e-01
6.744248e-01
7.557932e-01
6.336898e-01
6.717460e-01
7.687075e-01
7.958656e-01
7.375415e-01
6.792174e-01
6.683447e-01
8.492476e-01
6.592782e-01
7.212276e-01
6.193374e-01
5.728465e-01
6.841283e-01
5.997093e-01
7.314286e-01
5.400000e-01
7.108886e-01
5.607739e-01
7.831770e-01
6.849570e-01
6.206472e-01
8.576155e-01
7.108844e-01
5.381261e-01
7.415595e-01
7.375415e-01
7.663571e-01
5.726381e-01
6.683447e-01
6.779009e-01
7.336203e-01
8.857143e-01
6.000000e-01
6.841283e-01
8.285714e-01
6.841283e-01
6.466416e-01
7.058824e-01
6.080438e-01
6.715686e-01
7.108886e-01
7.577640e-01
8.231768e-01
6.717460e-01
6.612925e-01
7.642358e-01
7.058824e-01
6.336898e-01
8.209438e-01
7.928158e-01
----------
Mean:
6.951773E-01
Variance:
5.941248E-03