7.049020e-01
7.142857e-01
7.289377e-01
6.571429e-01
7.457707e-01
7.122877e-01
6.392157e-01
7.049020e-01
7.437908e-01
8.362745e-01
6.392157e-01
6.593407e-01
7.985348e-01
6.836735e-01
7.414966e-01
7.993197e-01
6.470588e-01
7.705882e-01
7.342478e-01
6.526611e-01
6.735617e-01
8.571429e-01
7.142857e-01
5.918367e-01
7.457707e-01
6.832298e-01
7.668845e-01
7.633690e-01
7.437908e-01
7.647059e-01
6.862745e-01
6.647993e-01
6.734694e-01
6.536797e-01
7.414966e-01
5.529101e-01
6.392157e-01
6.735617e-01
5.802139e-01
7.929326e-01
7.705882e-01
5.621118e-01
5.751880e-01
6.228571e-01
6.000000e-01
7.712288e-01
7.058824e-01
7.705882e-01
6.735617e-01
7.705882e-01
6.392157e-01
6.885714e-01
7.712288e-01
8.043478e-01
7.437888e-01
6.832298e-01
6.712392e-01
8.602651e-01
6.745098e-01
7.437908e-01
6.220846e-01
5.751880e-01
6.836735e-01
6.276455e-01
7.542857e-01
6.000000e-01
7.668845e-01
5.636739e-01
8.130719e-01
7.160633e-01
6.332180e-01
8.594925e-01
7.122877e-01
5.529101e-01
7.414966e-01
7.437888e-01
7.732843e-01
5.735294e-01
6.712392e-01
6.804954e-01
7.332471e-01
8.857143e-01
6.000000e-01
6.836735e-01
8.285714e-01
6.836735e-01
6.862745e-01
7.058824e-01
6.082306e-01
7.422969e-01
7.668845e-01
7.985348e-01
8.419913e-01
6.885714e-01
7.023810e-01
7.792208e-01
7.058824e-01
6.392157e-01
8.244207e-01
7.929326e-01
----------
Mean:
7.074147E-01
Variance:
5.894000E-03