7.041667e-01
7.083333e-01
7.350427e-01
6.500000e-01
7.384868e-01
7.097902e-01
6.333333e-01
7.041667e-01
7.488889e-01
8.458333e-01
6.333333e-01
6.602564e-01
8.098291e-01
6.785714e-01
7.380952e-01
7.976190e-01
6.357143e-01
7.750000e-01
7.332016e-01
6.547619e-01
6.648352e-01
8.571429e-01
7.083333e-01
5.892857e-01
7.384868e-01
6.811594e-01
7.804233e-01
7.613636e-01
7.488889e-01
7.571429e-01
6.904762e-01
6.552288e-01
6.785714e-01
6.515152e-01
7.380952e-01
5.462963e-01
6.333333e-01
6.648352e-01
5.681818e-01
7.893773e-01
7.750000e-01
5.543478e-01
5.657895e-01
6.200000e-01
5.916667e-01
7.709790e-01
6.964286e-01
7.750000e-01
6.648352e-01
7.750000e-01
6.333333e-01
6.900000e-01
7.709790e-01
8.079710e-01
7.445652e-01
6.811594e-01
6.660079e-01
8.675889e-01
6.733333e-01
7.488889e-01
6.087719e-01
5.657895e-01
6.785714e-01
6.273148e-01
7.600000e-01
6.000000e-01
7.804233e-01
5.491228e-01
8.244444e-01
7.211538e-01
6.176471e-01
8.536184e-01
7.097902e-01
5.462963e-01
7.380952e-01
7.445652e-01
7.604167e-01
5.625000e-01
6.660079e-01
6.684211e-01
7.271062e-01
8.833333e-01
5.916667e-01
6.785714e-01
8.250000e-01
6.785714e-01
6.904762e-01
6.964286e-01
5.988142e-01
7.559524e-01
7.804233e-01
8.098291e-01
8.503788e-01
6.900000e-01
7.083333e-01
7.840909e-01
6.964286e-01
6.333333e-01
8.257576e-01
7.893773e-01
----------
Mean:
7.054709E-01
Variance:
6.522436E-03