6.750000e-01
7.083333e-01
6.833333e-01
6.500000e-01
7.416667e-01
7.000000e-01
6.142857e-01
6.750000e-01
7.000000e-01
7.964286e-01
6.142857e-01
6.250000e-01
7.416667e-01
6.750000e-01
7.333333e-01
7.916667e-01
6.357143e-01
7.357143e-01
7.107143e-01
5.928571e-01
6.607143e-01
8.500000e-01
7.083333e-01
5.583333e-01
7.416667e-01
6.666667e-01
6.892857e-01
7.464286e-01
7.000000e-01
7.571429e-01
6.285714e-01
6.583333e-01
6.166667e-01
6.333333e-01
7.333333e-01
5.333333e-01
6.142857e-01
6.607143e-01
5.642857e-01
7.821429e-01
7.357143e-01
5.500000e-01
5.666667e-01
6.000000e-01
5.916667e-01
7.583333e-01
6.964286e-01
7.357143e-01
6.607143e-01
7.357143e-01
6.142857e-01
6.583333e-01
7.583333e-01
7.833333e-01
7.250000e-01
6.666667e-01
6.500000e-01
8.321429e-01
6.392857e-01
7.000000e-01
6.107143e-01
5.666667e-01
6.750000e-01
5.916667e-01
7.166667e-01
5.500000e-01
6.892857e-01
5.500000e-01
7.607143e-01
6.642857e-01
6.214286e-01
8.583333e-01
7.000000e-01
5.333333e-01
7.333333e-01
7.250000e-01
7.678571e-01
5.535714e-01
6.500000e-01
6.714286e-01
7.214286e-01
8.833333e-01
5.916667e-01
6.750000e-01
8.250000e-01
6.750000e-01
6.285714e-01
6.964286e-01
5.892857e-01
6.535714e-01
6.892857e-01
7.416667e-01
8.083333e-01
6.583333e-01
6.500000e-01
7.500000e-01
6.964286e-01
6.142857e-01
8.071429e-01
7.821429e-01
----------
Mean:
6.828810E-01
Variance:
5.910765E-03