8.840580e-01
7.971014e-01
8.550725e-01
9.420290e-01
8.550725e-01
8.695652e-01
8.260870e-01
8.550725e-01
8.405797e-01
9.275362e-01
8.550725e-01
7.536232e-01
8.115942e-01
7.971014e-01
8.260870e-01
8.115942e-01
7.971014e-01
7.391304e-01
8.405797e-01
8.550725e-01
8.260870e-01
8.115942e-01
7.971014e-01
8.260870e-01
8.405797e-01
8.115942e-01
7.826087e-01
8.405797e-01
8.260870e-01
8.840580e-01
7.971014e-01
8.115942e-01
7.971014e-01
8.115942e-01
8.115942e-01
8.985507e-01
9.130435e-01
8.260870e-01
8.260870e-01
8.695652e-01
8.260870e-01
8.405797e-01
8.840580e-01
8.405797e-01
7.826087e-01
8.695652e-01
8.985507e-01
8.260870e-01
8.115942e-01
8.405797e-01
8.115942e-01
7.971014e-01
8.115942e-01
8.260870e-01
7.681159e-01
8.115942e-01
7.826087e-01
8.260870e-01
8.115942e-01
8.840580e-01
8.840580e-01
7.971014e-01
7.971014e-01
8.260870e-01
9.275362e-01
8.840580e-01
7.681159e-01
9.130435e-01
8.550725e-01
8.260870e-01
8.115942e-01
8.405797e-01
8.260870e-01
8.550725e-01
8.985507e-01
8.840580e-01
8.695652e-01
8.405797e-01
9.130435e-01
7.826087e-01
8.115942e-01
8.405797e-01
8.405797e-01
7.971014e-01
8.115942e-01
7.826087e-01
9.565217e-01
8.840580e-01
7.826087e-01
7.971014e-01
8.260870e-01
8.405797e-01
8.115942e-01
8.260870e-01
8.840580e-01
8.550725e-01
8.115942e-01
7.826087e-01
8.840580e-01
8.550725e-01
----------
Mean:
8.357971E-01
Variance:
1.768767E-03