8.820513e-01
7.839893e-01
8.497387e-01
9.414261e-01
8.478836e-01
8.621532e-01
8.174603e-01
8.535654e-01
8.356075e-01
9.265489e-01
8.525641e-01
7.430449e-01
8.035049e-01
7.935897e-01
8.251689e-01
8.057180e-01
7.918103e-01
7.261905e-01
8.315205e-01
8.497387e-01
8.148479e-01
8.035049e-01
7.935897e-01
8.242784e-01
8.315205e-01
8.035049e-01
7.758285e-01
8.400421e-01
8.230769e-01
8.797909e-01
7.935897e-01
8.057180e-01
7.870370e-01
8.008879e-01
8.057180e-01
8.977778e-01
9.115385e-01
8.215517e-01
8.196864e-01
8.639650e-01
8.174603e-01
8.384075e-01
8.820513e-01
8.384075e-01
7.818757e-01
8.677879e-01
8.977778e-01
8.215517e-01
8.035049e-01
8.384075e-01
8.057180e-01
7.896341e-01
8.075520e-01
8.148479e-01
7.620690e-01
8.008879e-01
7.702553e-01
8.230769e-01
8.090270e-01
8.820513e-01
8.797909e-01
7.896341e-01
7.918103e-01
8.148479e-01
9.272919e-01
8.810345e-01
7.566138e-01
9.115385e-01
8.478836e-01
8.215517e-01
8.075520e-01
8.356075e-01
8.196864e-01
8.497387e-01
8.971684e-01
8.828523e-01
8.654971e-01
8.384075e-01
9.107759e-01
7.779446e-01
8.057180e-01
8.384075e-01
8.356075e-01
7.960304e-01
8.035049e-01
7.732749e-01
9.561905e-01
8.828523e-01
7.702553e-01
7.870370e-01
8.196864e-01
8.371594e-01
8.075520e-01
8.230769e-01
8.820513e-01
8.535654e-01
7.978364e-01
7.758285e-01
8.797909e-01
8.525641e-01
----------
Mean:
8.305830E-01
Variance:
1.960776E-03