8.840580e-01
7.893884e-01
8.526107e-01
9.420290e-01
8.512384e-01
8.653959e-01
8.214861e-01
8.550725e-01
8.393367e-01
9.276597e-01
8.550725e-01
7.483340e-01
8.075496e-01
7.963211e-01
8.264542e-01
8.091458e-01
7.951774e-01
7.322291e-01
8.366163e-01
8.534313e-01
8.207980e-01
8.075496e-01
7.963211e-01
8.260870e-01
8.354839e-01
8.075496e-01
7.797836e-01
8.409829e-01
8.260870e-01
8.827450e-01
7.971014e-01
8.091458e-01
7.917338e-01
8.055719e-01
8.091458e-01
8.986795e-01
9.127090e-01
8.244378e-01
8.241176e-01
8.675651e-01
8.226363e-01
8.403082e-01
8.836120e-01
8.403082e-01
7.831585e-01
8.693431e-01
8.986795e-01
8.244378e-01
8.087052e-01
8.408512e-01
8.101252e-01
7.936550e-01
8.103816e-01
8.194758e-01
7.659170e-01
8.055719e-01
7.756599e-01
8.254181e-01
8.119151e-01
8.840580e-01
8.827450e-01
7.936550e-01
7.951774e-01
8.194758e-01
9.277195e-01
8.829585e-01
7.619814e-01
9.127090e-01
8.521969e-01
8.252624e-01
8.111900e-01
8.385080e-01
8.231329e-01
8.526107e-01
8.983779e-01
8.840580e-01
8.678702e-01
8.403082e-01
9.126312e-01
7.821423e-01
8.101252e-01
8.403082e-01
8.385080e-01
7.975299e-01
8.075496e-01
7.779418e-01
9.565769e-01
8.840580e-01
7.772041e-01
7.930757e-01
8.241176e-01
8.395536e-01
8.103816e-01
8.254181e-01
8.836120e-01
8.550725e-01
8.031866e-01
7.797836e-01
8.827450e-01
8.550725e-01
----------
Mean:
8.337295E-01
Variance:
1.867464E-03