8.840580e-01
8.195307e-01
8.639262e-01
9.420290e-01
8.727158e-01
8.945421e-01
8.412098e-01
8.550725e-01
8.413849e-01
9.281760e-01
8.550725e-01
7.595411e-01
8.214573e-01
7.969015e-01
8.282096e-01
8.156128e-01
7.987884e-01
7.466919e-01
8.516068e-01
8.578206e-01
8.402153e-01
8.214573e-01
7.969015e-01
8.260870e-01
8.624029e-01
8.214573e-01
7.855254e-01
8.445622e-01
8.260870e-01
8.876876e-01
7.971014e-01
8.156128e-01
8.097038e-01
8.302638e-01
8.156128e-01
8.991872e-01
9.139430e-01
8.285408e-01
8.279536e-01
8.752964e-01
8.326087e-01
8.403939e-01
8.846827e-01
8.403939e-01
7.866642e-01
8.694909e-01
8.991872e-01
8.285408e-01
8.148221e-01
8.414778e-01
8.118242e-01
8.029513e-01
8.123138e-01
8.523982e-01
7.690361e-01
8.302638e-01
7.981246e-01
8.261619e-01
8.125784e-01
8.840580e-01
8.876876e-01
8.029513e-01
7.987884e-01
8.523982e-01
9.314091e-01
8.880454e-01
7.781979e-01
9.139430e-01
8.632850e-01
8.258597e-01
8.111319e-01
8.457001e-01
8.334387e-01
8.639262e-01
8.985879e-01
8.840580e-01
8.757875e-01
8.403939e-01
9.138009e-01
7.820090e-01
8.118242e-01
8.403939e-01
8.457001e-01
7.992973e-01
8.214573e-01
7.904992e-01
9.570358e-01
8.840580e-01
7.892250e-01
8.019324e-01
8.279536e-01
8.417916e-01
8.123138e-01
8.261619e-01
8.846827e-01
8.550725e-01
8.426649e-01
7.855254e-01
8.876876e-01
8.550725e-01
----------
Mean:
8.408967E-01
Variance:
1.688162E-03