8.820513e-01
8.273810e-01
8.690909e-01
9.414261e-01
8.804348e-01
9.042553e-01
8.478261e-01
8.535654e-01
8.425926e-01
9.252971e-01
8.525641e-01
7.625000e-01
8.263889e-01
7.965517e-01
8.244949e-01
8.184258e-01
8.002646e-01
7.500000e-01
8.586957e-01
8.609123e-01
8.481625e-01
8.263889e-01
7.965517e-01
8.242784e-01
8.708897e-01
8.263889e-01
7.875671e-01
8.399160e-01
8.230769e-01
8.917710e-01
7.935897e-01
8.184258e-01
8.152174e-01
8.375242e-01
8.184258e-01
8.969595e-01
9.155172e-01
8.306878e-01
8.300537e-01
8.804545e-01
8.375000e-01
8.397436e-01
8.857759e-01
8.397436e-01
7.819328e-01
8.692308e-01
8.969595e-01
8.306878e-01
8.177273e-01
8.374363e-01
8.121693e-01
8.063636e-01
8.131533e-01
8.616071e-01
7.698413e-01
8.375242e-01
8.041586e-01
8.262931e-01
8.081494e-01
8.820513e-01
8.917710e-01
8.063636e-01
8.002646e-01
8.616071e-01
9.268908e-01
8.915344e-01
7.826087e-01
9.155172e-01
8.694444e-01
8.253484e-01
8.090517e-01
8.492844e-01
8.377273e-01
8.690909e-01
8.987179e-01
8.828523e-01
8.801431e-01
8.397436e-01
9.155052e-01
7.793103e-01
8.121693e-01
8.397436e-01
8.492844e-01
7.954545e-01
8.263889e-01
7.944444e-01
9.552365e-01
8.828523e-01
7.934783e-01
8.055556e-01
8.300537e-01
8.432056e-01
8.131533e-01
8.262931e-01
8.857759e-01
8.535654e-01
8.525510e-01
7.875671e-01
8.917710e-01
8.525641e-01
----------
Mean:
8.427850E-01
Variance:
1.680723E-03