8.820513e-01
7.801358e-01
8.446520e-01
9.414261e-01
8.416808e-01
8.548387e-01
8.123939e-01
8.535654e-01
8.320513e-01
9.282051e-01
8.525641e-01
7.406621e-01
7.992360e-01
7.920204e-01
8.272496e-01
8.022071e-01
7.890492e-01
7.245331e-01
8.243590e-01
8.448718e-01
8.076923e-01
7.992360e-01
7.920204e-01
8.242784e-01
8.255518e-01
7.992360e-01
7.729202e-01
8.433786e-01
8.230769e-01
8.743590e-01
7.935897e-01
8.022071e-01
7.831070e-01
7.962649e-01
8.022071e-01
8.989813e-01
9.091681e-01
8.183362e-01
8.153846e-01
8.576923e-01
8.115385e-01
8.374363e-01
8.798812e-01
8.374363e-01
7.848048e-01
8.667233e-01
8.989813e-01
8.183362e-01
7.987179e-01
8.397436e-01
8.025641e-01
7.860781e-01
8.051783e-01
8.094228e-01
7.597623e-01
7.962649e-01
7.669779e-01
8.213073e-01
8.102564e-01
8.820513e-01
8.743590e-01
7.860781e-01
7.890492e-01
8.094228e-01
9.312394e-01
8.769100e-01
7.538200e-01
9.091681e-01
8.410256e-01
8.192308e-01
8.064103e-01
8.314941e-01
8.153650e-01
8.446520e-01
8.960102e-01
8.828523e-01
8.607810e-01
8.374363e-01
9.076923e-01
7.769231e-01
8.025641e-01
8.374363e-01
8.314941e-01
7.979626e-01
7.992360e-01
7.699491e-01
9.575552e-01
8.828523e-01
7.653846e-01
7.820513e-01
8.153846e-01
8.344652e-01
8.051783e-01
8.213073e-01
8.798812e-01
8.535654e-01
7.932937e-01
7.729202e-01
8.743590e-01
8.525641e-01
----------
Mean:
8.279923E-01
Variance:
2.020573E-03